1111111
10000010
10000101
10001000
10001100
10001111
10010010
10010101
10011000
10011011
10011110
10100001
10100100
10100111
10101010
10101101
10110000
10110011
10110110
10111001
10111100
10111110
11000001
11000100
11000110
11001001
11001011
11001110
11010000
11010011
11010101
11010111
11011010
11011100
11011110
11100000
11100010
11100100
11100110
11101000
11101010
11101011
11101101
11101110
11110000
11110001
11110011
11110100
11110101
11110110
11110111
11111000
11111001
11111010
11111011
11111100
11111100
11111101
11111101
11111110
11111110
11111110
11111110
11111110
11111110
11111110
11111110
11111110
11111110
11111101
11111101
11111100
11111100
11111011
11111010
11111001
11111000
11110111
11110110
11110101
11110100
11110011
11110001
11110000
11101110
11101101
11101011
11101010
11101000
11100110
11100100
11100010
11100000
11011110
11011100
11011010
11010111
11010101
11010011
11010000
11001110
11001011
11001001
11000110
11000100
11000001
10111110
10111100
10111001
10110110
10110011
10110000
10101101
10101010
10100111
10100100
10100001
10011110
10011011
10011000
10010101
10010010
10001111
10001100
10001000
10000101
10000010
1111111
1111100
1111001
1110110
1110010
1101111
1101100
1101001
1100110
1100011
1100000
1011101
1011010
1010111
1010100
1010001
1001110
1001011
1001000
1000101
1000010
1000000
111101
111010
111000
110101
110011
110000
101110
101011
101001
100111
100100
100010
100000
11110
11100
11010
11000
10110
10100
10011
10001
10000
1110
1101
1011
1010
1001
1000
111
110
101
100
11
10
10
1
1
0
0
0
0
0
0
0
0
0
0
1
1
10
10
11
100
101
110
111
1000
1001
1010
1011
1101
1110
10000
10001
10011
10100
10110
11000
11010
11100
11110
100000
100010
100100
100111
101001
101011
101110
110000
110011
110101
111000
111010
111101
1000000
1000010
1000101
1001000
1001011
1001110
1010001
1010100
1010111
1011010
1011101
1100000
1100011
1100110
1101001
1101100
1101111
1110010
1110110
1111001
1111100
1111111