100000000 1 1 1.11275 0.765234 0
100000000 1 2 1.15798 0.748583 0
100000000 1 3 1.11413 0.761036 0
100000000 1 4 1.05385 0.90797 0
100000000 1 5 1.05569 0.815406 0
100000000 2 1 0.708635 0.757461 0
100000000 2 2 0.608618 0.934944 0
100000000 2 3 0.665411 0.90168 0
100000000 2 4 0.595938 0.911971 0
100000000 2 5 0.66621 0.790412 0
100000000 4 1 0.3916 0.775476 0
100000000 4 2 0.375465 0.789826 0
100000000 4 3 0.380091 0.940514 0
100000000 4 4 0.375141 0.908464 0
100000000 4 5 0.374054 0.777817 0
100000000 8 1 0.267496 0.77775 0
100000000 8 2 0.274254 0.944672 0
100000000 8 3 0.279571 0.763374 0
100000000 8 4 0.280254 0.778902 0
100000000 8 5 0.279996 0.936511 0
100000000 16 1 0.296819 0.80769 0
100000000 16 2 0.307797 0.778658 0
100000000 16 3 0.319135 0.808659 0
100000000 16 4 0.298736 0.751444 0
100000000 16 5 0.301602 0.803182 0
100000000 32 1 0.294638 0.738057 0
100000000 32 2 0.310525 0.903341 0
100000000 32 3 0.329769 0.757311 0
100000000 32 4 0.311976 0.909582 0
100000000 32 5 0.310527 0.906058 0
100000000 64 1 0.304456 0.776568 0
100000000 64 2 0.327851 0.776786 0
100000000 64 3 0.337301 0.902282 0
100000000 64 4 0.33181 0.813039 0
100000000 64 5 0.314035 0.809075 0
200000000 1 1 2.54456 1.5017 0
200000000 1 2 2.20062 1.51711 0
200000000 1 3 2.19851 1.50646 0
200000000 1 4 2.20898 1.80987 0
200000000 1 5 2.21324 1.51207 0
200000000 2 1 1.18462 1.81814 0
200000000 2 2 1.37589 1.53861 0
200000000 2 3 1.20452 1.50086 0
200000000 2 4 1.33247 1.50649 0
200000000 2 5 1.35742 1.78857 0
200000000 4 1 0.717537 1.51214 0
200000000 4 2 0.758774 1.81664 0
200000000 4 3 0.753614 1.5003 0
200000000 4 4 0.755637 1.56509 0
200000000 4 5 0.747288 1.51469 0
200000000 8 1 0.55649 1.80812 0
200000000 8 2 0.568669 1.53458 0
200000000 8 3 0.549212 1.79083 0
200000000 8 4 0.58456 1.51965 0
200000000 8 5 0.583874 1.50839 0
200000000 16 1 0.636511 1.82941 0
200000000 16 2 0.604718 1.54323 0
200000000 16 3 0.638179 1.54901 0
200000000 16 4 0.633123 1.55116 0
200000000 16 5 0.6471 1.81165 0
200000000 32 1 0.666494 1.79029 0
200000000 32 2 0.670985 1.53047 0
200000000 32 3 0.622059 1.51986 0
200000000 32 4 0.658151 1.79209 0
200000000 32 5 0.674742 1.79211 0
200000000 64 1 0.635991 1.50119 0
200000000 64 2 0.665824 1.65381 0
200000000 64 3 0.587263 1.53445 0
200000000 64 4 0.66962 1.65834 0
200000000 64 5 0.667334 1.67974 0
300000000 1 1 3.75716 2.26539 0
300000000 1 2 3.7903 2.28623 0
300000000 1 3 3.36362 2.28822 0
300000000 1 4 3.78881 2.28319 0
300000000 1 5 3.78932 2.28448 0
300000000 2 1 1.6932 2.32336 0
300000000 2 2 1.76385 2.68734 0
300000000 2 3 1.76925 2.71059 0
300000000 2 4 1.922 2.29351 0
300000000 2 5 1.97294 2.2991 0
300000000 4 1 1.13343 2.55776 0
300000000 4 2 1.08231 2.69893 0
300000000 4 3 1.10633 2.26178 0
300000000 4 4 1.13731 2.272 0
300000000 4 5 1.11003 2.24058 0
300000000 8 1 0.79262 2.30117 0
300000000 8 2 0.890161 2.70541 0
300000000 8 3 0.804974 2.27452 0
300000000 8 4 0.87547 2.72299 0
300000000 8 5 0.787797 2.72345 0
300000000 16 1 0.908557 2.31083 0
300000000 16 2 0.921337 2.23692 0
300000000 16 3 0.904545 2.27708 0
300000000 16 4 0.952595 2.25806 0
300000000 16 5 0.965153 2.29816 0
300000000 32 1 0.957346 2.2389 0
300000000 32 2 0.923523 2.68087 0
300000000 32 3 0.867068 2.27471 0
300000000 32 4 0.995669 2.69281 0
300000000 32 5 0.925489 2.29166 0
300000000 64 1 1.00255 2.46588 0
300000000 64 2 0.912339 2.29479 0
300000000 64 3 0.993913 2.25525 0
300000000 64 4 0.99405 2.5767 0
300000000 64 5 0.927723 2.25566 0
400000000 1 1 5.30005 3.10665 0
400000000 1 2 5.08615 3.04216 0
400000000 1 3 5.11812 3.29687 0
400000000 1 4 5.00106 3.24543 0
400000000 1 5 5.24457 3.11459 0
400000000 2 1 2.62447 3.136 0
400000000 2 2 2.43997 3.61074 0
400000000 2 3 2.37198 3.13736 0
400000000 2 4 2.73772 3.12853 0
400000000 2 5 2.57296 3.09934 0
400000000 4 1 1.5001 3.09864 0
400000000 4 2 1.49688 3.06437 0
400000000 4 3 1.50294 3.72452 0
400000000 4 4 1.39123 3.0697 0
400000000 4 5 1.50786 3.09966 0
400000000 8 1 1.05966 3.08801 0
400000000 8 2 1.08669 3.10286 0
400000000 8 3 1.1467 5.41651 0
400000000 8 4 1.12693 3.68351 0
400000000 8 5 1.1543 3.06326 0
400000000 16 1 1.32792 3.11562 0
400000000 16 2 1.19732 3.08393 0
400000000 16 3 1.33933 3.59727 0
400000000 16 4 1.26688 3.08334 0
400000000 16 5 1.38136 3.67311 0
400000000 32 1 1.25344 3.672 0
400000000 32 2 1.23547 3.0744 0
400000000 32 3 1.26272 3.71448 0
400000000 32 4 1.13629 3.03211 0
400000000 32 5 1.1546 3.03748 0
400000000 64 1 1.24411 4.50323 0
400000000 64 2 1.38462 3.6608 0
400000000 64 3 1.34624 3.70397 0
400000000 64 4 1.34121 4.3457 0
400000000 64 5 1.2792 3.78298 0
500000000 1 1 6.7022 3.85248 0
500000000 1 2 5.92386 4.98074 0
500000000 1 3 5.15735 5.05323 0
500000000 1 4 6.32761 3.81442 0
500000000 1 5 6.42136 3.77254 0
500000000 2 1 2.90293 5.15052 0
500000000 2 2 3.49031 5.19381 0
500000000 2 3 3.35421 3.91604 0
500000000 2 4 3.53872 5.20036 0
500000000 2 5 3.37317 3.92583 0
500000000 4 1 1.89208 3.76814 0
500000000 4 2 1.88774 5.2262 0
500000000 4 3 1.87655 3.80717 0
500000000 4 4 1.86017 3.7724 0
500000000 4 5 1.8872 5.25613 0
500000000 8 1 1.35719 3.82217 0
500000000 8 2 1.46063 3.82597 0
500000000 8 3 1.52948 3.78939 0
500000000 8 4 2.0907 4.8075 0
500000000 8 5 1.44305 3.81638 0
500000000 16 1 1.82423 5.23302 0
500000000 16 2 1.92479 5.30389 0
500000000 16 3 1.80749 5.21558 0
500000000 16 4 1.78309 5.19595 0
500000000 16 5 1.93049 5.19333 0
500000000 32 1 1.67303 4.98949 0
500000000 32 2 1.60888 3.80463 0
500000000 32 3 1.58221 3.76284 0
500000000 32 4 1.9124 5.15196 0
500000000 32 5 1.51533 3.77383 0
500000000 64 1 1.66285 3.74442 0
500000000 64 2 1.84917 7.88957 0
500000000 64 3 1.50122 5.46314 0
500000000 64 4 1.84187 4.7928 0
500000000 64 5 1.61396 5.3124 0
600000000 1 1 7.6693 4.49656 0
600000000 1 2 6.2508 5.84644 0
600000000 1 3 7.54212 5.8014 0
600000000 1 4 7.58811 5.80386 0
600000000 1 5 8.0794 4.61547 0
600000000 2 1 3.8798 4.61238 0
600000000 2 2 3.59098 6.07122 0
600000000 2 3 4.11119 4.68468 0
600000000 2 4 3.94912 4.65903 0
600000000 2 5 4.01651 4.61321 0
600000000 4 1 2.13493 4.58156 0
600000000 4 2 2.23869 6.02667 0
600000000 4 3 2.17531 4.55027 0
600000000 4 4 3.51141 5.98081 0
600000000 4 5 2.1414 5.67111 0
600000000 8 1 1.76616 4.56962 0
600000000 8 2 2.14616 6.09945 0
600000000 8 3 1.74637 4.55147 0
600000000 8 4 1.71174 4.58441 0
600000000 8 5 1.64804 4.55105 0
600000000 16 1 1.76802 4.56694 0
600000000 16 2 2.15455 5.98912 0
600000000 16 3 1.93412 4.56013 0
600000000 16 4 1.98601 4.54128 0
600000000 16 5 2.40887 6.10181 0
600000000 32 1 2.26391 6.20826 0
600000000 32 2 1.78469 4.56057 0
600000000 32 3 1.96706 4.57352 0
600000000 32 4 2.04327 6.09897 0
600000000 32 5 2.01416 4.53243 0
600000000 64 1 2.1444 5.04104 0
600000000 64 2 1.79604 4.49562 0
600000000 64 3 2.00251 6.42396 0
600000000 64 4 1.92193 4.54654 0
600000000 64 5 1.98712 4.49175 0
700000000 1 1 8.63307 6.83704 0
700000000 1 2 9.3292 5.36742 0
700000000 1 3 7.3545 6.66815 0
700000000 1 4 8.71443 5.27653 0
700000000 1 5 8.70944 5.21159 0
700000000 2 1 4.59417 5.24519 0
700000000 2 2 4.51509 5.27625 0
700000000 2 3 4.11266 5.20795 0
700000000 2 4 4.72449 5.39775 0
700000000 2 5 4.72138 5.45795 0
700000000 4 1 2.64196 5.31008 0
700000000 4 2 2.54509 5.23152 0
700000000 4 3 2.69783 5.31084 0
700000000 4 4 2.46791 5.29102 0
700000000 4 5 4.25813 6.75727 0
700000000 8 1 2.52753 5.43578 0
700000000 8 2 1.89201 5.27784 0
700000000 8 3 2.9249 7.00582 0
700000000 8 4 2.89124 6.86005 0
700000000 8 5 2.04263 5.38245 0
700000000 16 1 2.60784 6.97257 0
700000000 16 2 2.31327 5.3353 0
700000000 16 3 2.71972 6.932 0
700000000 16 4 2.17384 5.32498 0
700000000 16 5 2.4264 7.16429 0
700000000 32 1 2.06481 5.24481 0
700000000 32 2 2.27151 5.20459 0
700000000 32 3 2.21008 5.27066 0
700000000 32 4 2.24589 5.19791 0
700000000 32 5 2.3277 5.40011 0
700000000 64 1 2.34323 5.29128 0
700000000 64 2 2.44041 5.739 0
700000000 64 3 2.14735 5.28514 0
700000000 64 4 2.5159 10.4433 0
700000000 64 5 2.34725 5.29356 0
800000000 1 1 9.92401 6.0164 0
800000000 1 2 8.821 5.99083 0
800000000 1 3 10.0829 6.4249 0
800000000 1 4 8.53114 7.44142 0
800000000 1 5 10.0857 5.94821 0
800000000 2 1 5.32662 5.94281 0
800000000 2 2 8.15409 7.79758 0
800000000 2 3 5.29838 5.97845 0
800000000 2 4 8.24303 7.18073 0
800000000 2 5 5.50099 5.95226 0
800000000 4 1 2.90233 5.99661 0
800000000 4 2 4.6989 7.54588 0
800000000 4 3 3.14105 7.71201 0
800000000 4 4 2.87715 5.99422 0
800000000 4 5 3.67328 7.66507 0
800000000 8 1 3.22419 7.89246 0
800000000 8 2 2.42579 7.0832 0
800000000 8 3 2.28934 6.05962 0
800000000 8 4 3.13946 7.83499 0
800000000 8 5 2.24392 6.0091 0
800000000 16 1 2.37165 6.00892 0
800000000 16 2 2.53794 6.03189 0
800000000 16 3 2.55765 5.98615 0
800000000 16 4 2.5499 5.96919 0
800000000 16 5 3.10064 7.71108 0
800000000 32 1 3.12821 7.92206 0
800000000 32 2 2.65698 6.01023 0
800000000 32 3 2.97428 7.13511 0
800000000 32 4 2.46011 7.18692 0
800000000 32 5 2.9365 7.7364 0
800000000 64 1 2.4636 5.9503 0
800000000 64 2 3.03126 7.49356 0
800000000 64 3 2.49805 6.54338 0
800000000 64 4 2.39103 5.91956 0
800000000 64 5 3.03415 7.51095 0
