#  n       np     run  parallel_time  perfect_numbers
1000000 1 1 2.29665 6 28 496 8128 
1000000 1 2 2.29429 6 28 496 8128 
1000000 1 3 2.29651 6 28 496 8128 
1000000 1 4 2.29432 6 28 496 8128 
1000000 1 5 2.29413 6 28 496 8128 
1000000 2 1 1.51762 6 28 496 8128 
1000000 2 2 1.49008 6 28 496 8128 
1000000 2 3 1.51753 6 28 496 8128 
1000000 2 4 1.51821 6 28 496 8128 
1000000 2 5 1.51776 6 28 496 8128 
1000000 4 1 0.784662 6 28 496 8128 
1000000 4 2 0.785667 6 28 496 8128 
1000000 4 3 0.784098 6 28 496 8128 
1000000 4 4 0.783628 6 28 496 8128 
1000000 4 5 0.78351 6 28 496 8128 
1000000 8 1 0.419492 28 6 496 8128 
1000000 8 2 0.418361 28 6 496 8128 
1000000 8 3 0.417287 28 6 496 8128 
1000000 8 4 0.419391 28 6 496 8128 
1000000 8 5 0.419133 28 6 496 8128 
1000000 16 1 0.235148 6 28 496 8128 
1000000 16 2 0.235035 6 28 496 8128 
1000000 16 3 0.234558 6 28 496 8128 
1000000 16 4 0.234399 6 28 496 8128 
1000000 16 5 0.234395 6 28 496 8128 
1000000 32 1 0.143961 6 496 28 8128 
1000000 32 2 0.144551 6 496 28 8128 
1000000 32 3 0.143174 6 496 28 8128 
1000000 32 4 0.143095 6 496 28 8128 
1000000 32 5 0.143966 6 496 28 8128 
1000000 64 1 0.11026 6 28 496 8128 
1000000 64 2 0.097107 6 28 496 8128 
1000000 64 3 0.106431 6 28 496 8128 
1000000 64 4 0.103506 6 28 496 8128 
1000000 64 5 0.106639 6 28 496 8128 
2000000 1 1 6.31156 6 28 496 8128 
2000000 1 2 6.3092 6 28 496 8128 
2000000 1 3 6.30953 6 28 496 8128 
2000000 1 4 6.31142 6 28 496 8128 
2000000 1 5 6.31003 6 28 496 8128 
2000000 2 1 4.20576 6 28 496 8128 
2000000 2 2 4.28477 6 28 496 8128 
2000000 2 3 4.2033 6 28 496 8128 
2000000 2 4 4.27115 6 28 496 8128 
2000000 2 5 4.20469 6 28 496 8128 
2000000 4 1 2.15239 6 28 496 8128 
2000000 4 2 2.15383 6 28 496 8128 
2000000 4 3 2.15484 6 28 496 8128 
2000000 4 4 2.15474 6 28 496 8128 
2000000 4 5 2.15455 6 28 496 8128 
2000000 8 1 1.10369 28 6 496 8128 
2000000 8 2 1.10446 28 6 496 8128 
2000000 8 3 1.11696 28 6 496 8128 
2000000 8 4 1.10261 28 6 496 8128 
2000000 8 5 1.10278 28 6 496 8128 
2000000 16 1 0.577036 6 28 496 8128 
2000000 16 2 0.577088 6 28 496 8128 
2000000 16 3 0.576617 6 28 496 8128 
2000000 16 4 0.578351 6 28 496 8128 
2000000 16 5 0.577794 6 28 496 8128 
2000000 32 1 0.327616 6 496 28 8128 
2000000 32 2 0.315764 6 496 28 8128 
2000000 32 3 0.315628 6 496 28 8128 
2000000 32 4 0.315376 6 496 28 8128 
2000000 32 5 0.315519 6 496 28 8128 
2000000 64 1 0.253489 6 28 496 8128 
2000000 64 2 0.242084 6 28 496 8128 
2000000 64 3 0.254108 6 28 496 8128 
2000000 64 4 0.251689 6 28 8128 496 
2000000 64 5 0.260373 6 28 496 8128 
3000000 1 1 11.5118 6 28 496 8128 
3000000 1 2 11.6666 6 28 496 8128 
3000000 1 3 11.5138 6 28 496 8128 
3000000 1 4 11.5142 6 28 496 8128 
3000000 1 5 11.5121 6 28 496 8128 
3000000 2 1 7.63004 6 28 496 8128 
3000000 2 2 7.62763 6 28 496 8128 
3000000 2 3 7.62803 6 28 496 8128 
3000000 2 4 7.73522 6 28 496 8128 
3000000 2 5 7.63069 6 28 496 8128 
3000000 4 1 3.91471 6 28 496 8128 
3000000 4 2 3.91518 6 28 496 8128 
3000000 4 3 3.91634 6 28 496 8128 
3000000 4 4 3.91601 6 28 496 8128 
3000000 4 5 3.91584 6 28 496 8128 
3000000 8 1 2.012 28 6 496 8128 
3000000 8 2 1.98494 28 6 496 8128 
3000000 8 3 2.01623 28 6 496 8128 
3000000 8 4 1.98567 28 6 496 8128 
3000000 8 5 2.00271 28 6 496 8128 
3000000 16 1 1.01986 6 28 496 8128 
3000000 16 2 1.02139 6 28 496 8128 
3000000 16 3 1.02689 6 28 496 8128 
3000000 16 4 1.02091 6 28 496 8128 
3000000 16 5 1.01982 6 28 496 8128 
3000000 32 1 0.552935 6 496 28 8128 
3000000 32 2 0.53951 6 496 28 8128 
3000000 32 3 0.553872 6 496 28 8128 
3000000 32 4 0.53989 6 496 28 8128 
3000000 32 5 0.554737 6 496 28 8128 
3000000 64 1 0.445103 6 28 496 8128 
3000000 64 2 0.448388 6 28 8128 496 
3000000 64 3 0.452778 6 28 496 8128 
3000000 64 4 0.465737 6 28 496 8128 
3000000 64 5 0.448067 6 28 496 8128 
4000000 1 1 17.6686 6 28 496 8128 
4000000 1 2 17.668 6 28 496 8128 
4000000 1 3 17.8314 6 28 496 8128 
4000000 1 4 17.823 6 28 496 8128 
4000000 1 5 17.6684 6 28 496 8128 
4000000 2 1 11.9631 6 28 496 8128 
4000000 2 2 11.7558 6 28 496 8128 
4000000 2 3 11.6842 6 28 496 8128 
4000000 2 4 11.6888 6 28 496 8128 
4000000 2 5 11.8399 6 28 496 8128 
4000000 4 1 5.9862 6 28 496 8128 
4000000 4 2 6.00364 6 28 496 8128 
4000000 4 3 5.94198 6 28 496 8128 
4000000 4 4 5.99665 6 28 496 8128 
4000000 4 5 5.94448 6 28 496 8128 
4000000 8 1 3.06753 28 6 496 8128 
4000000 8 2 2.99946 28 6 496 8128 
4000000 8 3 3.06635 28 6 496 8128 
4000000 8 4 3.06098 28 6 496 8128 
4000000 8 5 3.06679 28 6 496 8128 
4000000 16 1 1.55873 6 28 496 8128 
4000000 16 2 1.52725 6 28 496 8128 
4000000 16 3 1.52897 6 28 496 8128 
4000000 16 4 1.52707 6 28 496 8128 
4000000 16 5 1.52808 6 28 496 8128 
4000000 32 1 0.818646 6 496 28 8128 
4000000 32 2 0.81768 6 496 28 8128 
4000000 32 3 0.807124 6 496 28 8128 
4000000 32 4 0.790887 6 496 28 8128 
4000000 32 5 0.79072 6 496 28 8128 
4000000 64 1 0.701909 6 28 496 8128 
4000000 64 2 0.688059 6 28 8128 496 
4000000 64 3 0.688863 6 28 8128 496 
4000000 64 4 0.673535 6 28 496 8128 
4000000 64 5 0.677304 6 28 496 8128 
5000000 1 1 24.6806 6 28 496 8128 
5000000 1 2 24.6684 6 28 496 8128 
5000000 1 3 24.6679 6 28 496 8128 
5000000 1 4 24.8231 6 28 496 8128 
5000000 1 5 24.8002 6 28 496 8128 
5000000 2 1 16.4511 6 28 496 8128 
5000000 2 2 16.3614 6 28 496 8128 
5000000 2 3 16.2954 6 28 496 8128 
5000000 2 4 16.6073 6 28 496 8128 
5000000 2 5 16.4505 6 28 496 8128 
5000000 4 1 8.24864 6 28 496 8128 
5000000 4 2 8.25119 6 28 496 8128 
5000000 4 3 8.24915 6 28 496 8128 
5000000 4 4 8.24933 6 28 496 8128 
5000000 4 5 8.40601 6 28 496 8128 
5000000 8 1 4.27013 28 6 496 8128 
5000000 8 2 4.16267 28 6 496 8128 
5000000 8 3 4.15152 28 6 496 8128 
5000000 8 4 4.15397 28 6 496 8128 
5000000 8 5 4.21239 28 6 496 8128 
5000000 16 1 2.1583 6 28 496 8128 
5000000 16 2 2.10505 6 28 496 8128 
5000000 16 3 2.16479 6 28 496 8128 
5000000 16 4 2.16149 6 28 496 8128 
5000000 16 5 2.14398 6 28 496 8128 
5000000 32 1 1.10443 6 496 28 8128 
5000000 32 2 1.11695 6 496 28 8128 
5000000 32 3 1.10425 6 496 28 8128 
5000000 32 4 1.08042 6 496 28 8128 
5000000 32 5 1.10822 6 496 28 8128 
5000000 64 1 0.966471 6 28 496 8128 
5000000 64 2 0.930748 6 28 8128 496 
5000000 64 3 0.942058 6 28 496 8128 
5000000 64 4 0.906077 6 28 8128 496 
5000000 64 5 0.923689 6 28 496 8128 
6000000 1 1 32.4004 6 28 496 8128 
6000000 1 2 32.5536 6 28 496 8128 
6000000 1 3 32.3788 6 28 496 8128 
6000000 1 4 32.3982 6 28 496 8128 
6000000 1 5 32.556 6 28 496 8128 
6000000 2 1 21.3932 6 28 496 8128 
6000000 2 2 21.3935 6 28 496 8128 
6000000 2 3 21.3931 6 28 496 8128 
6000000 2 4 21.389 6 28 496 8128 
6000000 2 5 21.5467 6 28 496 8128 
6000000 4 1 10.8995 6 28 496 8128 
6000000 4 2 10.9391 6 28 496 8128 
6000000 4 3 10.7979 6 28 496 8128 
6000000 4 4 11.0295 6 28 496 8128 
6000000 4 5 10.8028 6 28 496 8128 
6000000 8 1 5.46138 28 6 496 8128 
6000000 8 2 5.47197 28 6 496 8128 
6000000 8 3 5.45807 28 6 496 8128 
6000000 8 4 5.42976 28 6 496 8128 
6000000 8 5 5.5145 28 6 496 8128 
6000000 16 1 2.74149 6 28 496 8128 
6000000 16 2 2.82039 6 28 496 8128 
6000000 16 3 2.81255 6 28 496 8128 
6000000 16 4 2.74151 6 28 496 8128 
6000000 16 5 2.81021 6 28 496 8128 
6000000 32 1 1.41258 6 496 28 8128 
6000000 32 2 1.43663 6 496 28 8128 
6000000 32 3 1.44148 6 496 28 8128 
6000000 32 4 1.4339 6 496 28 8128 
6000000 32 5 1.4324 6 496 28 8128 
6000000 64 1 1.21847 6 28 496 8128 
6000000 64 2 1.21298 6 28 496 8128 
6000000 64 3 1.25296 6 28 496 8128 
6000000 64 4 1.22791 6 28 496 8128 
6000000 64 5 1.19769 6 28 496 8128 
7000000 1 1 41.3885 6 28 496 8128 
7000000 1 2 40.9511 6 28 496 8128 
7000000 1 3 40.9495 6 28 496 8128 
7000000 1 4 40.9504 6 28 496 8128 
7000000 1 5 40.7936 6 28 496 8128 
7000000 2 1 26.9386 6 28 496 8128 
7000000 2 2 27.0787 6 28 496 8128 
7000000 2 3 27.5088 6 28 496 8128 
7000000 2 4 26.9419 6 28 496 8128 
7000000 2 5 27.0333 6 28 496 8128 
7000000 4 1 13.8375 6 28 496 8128 
7000000 4 2 13.5657 6 28 496 8128 
7000000 4 3 13.5658 6 28 496 8128 
7000000 4 4 13.5672 6 28 496 8128 
7000000 4 5 13.5667 6 28 496 8128 
7000000 8 1 6.84403 28 6 496 8128 
7000000 8 2 6.96626 28 6 496 8128 
7000000 8 3 6.84428 28 6 496 8128 
7000000 8 4 6.91248 28 6 496 8128 
7000000 8 5 6.83148 28 6 496 8128 
7000000 16 1 3.52263 6 28 496 8128 
7000000 16 2 3.48694 6 28 496 8128 
7000000 16 3 3.52166 6 28 496 8128 
7000000 16 4 3.4702 6 28 496 8128 
7000000 16 5 3.51871 6 28 496 8128 
7000000 32 1 1.7834 6 496 28 8128 
7000000 32 2 1.7961 6 496 28 8128 
7000000 32 3 1.7988 6 496 28 8128 
7000000 32 4 1.79048 6 496 28 8128 
7000000 32 5 1.79455 6 496 28 8128 
7000000 64 1 1.52848 6 28 496 8128 
7000000 64 2 1.52079 6 28 496 8128 
7000000 64 3 1.46957 6 28 496 8128 
7000000 64 4 1.50369 6 28 496 8128 
7000000 64 5 1.49907 6 28 496 8128 
8000000 1 1 49.799 6 28 496 8128 
8000000 1 2 49.8033 6 28 496 8128 
8000000 1 3 49.8 6 28 496 8128 
8000000 1 4 49.9563 6 28 496 8128 
8000000 1 5 49.8003 6 28 496 8128 
8000000 2 1 33.0722 6 28 496 8128 
8000000 2 2 33.1611 6 28 496 8128 
8000000 2 3 32.868 6 28 496 8128 
8000000 2 4 32.8689 6 28 496 8128 
8000000 2 5 32.8692 6 28 496 8128 
8000000 4 1 16.676 6 28 496 8128 
8000000 4 2 16.5402 6 28 496 8128 
8000000 4 3 16.6722 6 28 496 8128 
8000000 4 4 16.5366 6 28 496 8128 
8000000 4 5 16.5379 6 28 496 8128 
8000000 8 1 8.29717 28 6 496 8128 
8000000 8 2 8.29813 28 6 496 8128 
8000000 8 3 8.31133 28 6 496 8128 
8000000 8 4 8.43931 28 6 496 8128 
8000000 8 5 8.45404 28 6 496 8128 
8000000 16 1 4.31852 6 28 496 8128 
8000000 16 2 4.30841 6 28 496 8128 
8000000 16 3 4.20175 6 28 496 8128 
8000000 16 4 4.16142 6 28 496 8128 
8000000 16 5 4.17734 6 28 496 8128 
8000000 32 1 2.17581 6 496 28 8128 
8000000 32 2 2.15357 6 496 28 8128 
8000000 32 3 2.17397 6 496 28 8128 
8000000 32 4 2.14714 6 496 28 8128 
8000000 32 5 2.15796 6 496 28 8128 
8000000 64 1 1.78793 6 28 8128 496 
8000000 64 2 1.8394 6 28 496 8128 
8000000 64 3 1.84042 6 28 496 8128 
8000000 64 4 1.83623 6 28 496 8128 
8000000 64 5 1.81657 6 28 496 8128 
