123456789
147258369
987654321
abcdef
111111111
222222222
123456789
147258369
987654321
abcdef
111111111
222222222
123456789
147258369
987654321
abcdef
111111111
222222222
123456789
147258369
987654321
abcdef
111111111
222222222
123456789
147258369
987654321
abcdef
111111111
222222222
123456789
147258369
987654321
abcdef
111111111
222222222
123456789
147258369
987654321
abcdef
111111111
222222222
123456789
147258369
987654321
abcdef
111111111
222222222
123456789
147258369
987654321
abcdef
111111111
222222222
123456789
147258369
987654321
abcdef
111111111
222222222